[b1 - Copy (2).jpg]
text=1;137;9;Unlimited;Comic Sans MS;0.081351,0.142645,0.551533,0.000000;v1,4291546059,4289254976,128.000000,1.000000,0.168224,1.000000,400,2,49153;;
backuphash=7822
textactive=1
